1
texture0.tex
106 106
16
1903 806 39 53 35 28 0 frame0
1680 1681 20 33 45 38 0 frame1
1915 861 39 53 34 27 0 frame2
1680 1716 20 33 44 37 0 frame3
1871 875 42 53 34 27 0 frame4
619 2008 23 33 44 37 0 frame5
1891 705 41 53 32 27 0 frame6
1794 901 23 35 41 36 0 frame7
1871 930 41 53 34 27 0 frame8
1717 1993 22 33 44 37 0 frame9
1889 650 43 53 32 26 0 frame10
1700 1958 26 33 41 36 0 frame11
1360 1071 88 91 9 10 0 frame12
1769 751 68 72 19 20 0 frame13
1233 881 94 94 6 6 0 frame14
1596 867 76 76 15 15 0 frame15
