1
texture0.tex
34 24
20
1246 1399 8 21 13 2 0 frame0
1552 313 8 21 13 2 0 frame1
850 387 14 21 10 2 0 frame2
1992 273 14 21 10 2 0 frame3
1686 1094 20 21 7 2 0 frame4
1708 1094 20 21 7 2 0 frame5
1644 1286 21 21 7 2 0 frame6
1667 1286 21 21 7 2 0 frame7
1730 1094 16 21 9 2 0 frame8
2032 767 16 21 9 2 0 frame9
804 387 21 21 6 2 0 frame10
827 387 21 21 6 2 0 frame11
1644 1509 27 21 3 2 0 frame12
1760 1070 27 21 3 2 0 frame13
1621 1808 33 21 0 2 0 frame14
1014 1092 33 21 0 2 0 frame15
676 1151 22 21 7 2 0 frame16
1620 1286 22 21 7 2 0 frame17
1789 1070 17 21 8 2 0 frame18
1934 729 17 21 8 2 0 frame19
