1
texture0.tex
94 94
29
1705 0 72 72 14 10 0 frame0
1770 675 49 52 25 21 0 frame1
1720 668 48 54 22 20 0 frame2
1612 521 51 54 24 20 0 frame3
1676 270 57 59 21 17 0 frame4
1167 624 51 53 24 20 0 frame5
1220 624 51 53 22 20 0 frame6
1731 449 53 57 22 19 0 frame7
1786 449 53 57 22 19 0 frame8
1706 1870 80 80 8 6 0 frame9
1667 621 51 53 22 20 0 frame10
1617 281 57 59 20 16 0 frame11
1781 621 50 52 22 21 0 frame12
1557 630 51 53 22 20 0 frame13
1557 284 57 59 20 18 0 frame14
1712 724 46 53 28 21 0 frame15
1720 621 59 45 14 25 0 frame16
1841 449 53 57 22 19 0 frame17
1672 451 53 57 22 19 0 frame18
1727 508 53 57 22 19 0 frame19
1782 508 53 57 22 19 0 frame20
1837 508 53 57 22 19 0 frame21
1612 462 53 57 22 19 0 frame22
1735 270 57 59 20 18 0 frame23
1794 329 57 59 20 18 0 frame24
1855 329 57 59 20 18 0 frame25
1676 331 57 59 20 18 0 frame26
1617 342 57 59 20 18 0 frame27
1557 345 57 59 20 18 0 frame28
