1
texture0.tex
94 94
29
1631 0 72 72 14 10 0 frame0
1667 567 52 52 23 20 0 frame1
1223 567 54 53 22 20 0 frame2
1721 567 52 52 23 20 0 frame3
1988 1742 58 58 20 17 0 frame4
1775 567 52 52 23 20 0 frame5
1829 567 52 52 23 20 0 frame6
1557 465 53 55 22 21 0 frame7
1735 390 55 57 22 20 0 frame8
1679 1788 80 80 8 6 0 frame9
1557 522 52 52 22 20 0 frame10
1735 331 57 57 20 18 0 frame11
1610 630 51 51 22 20 0 frame12
1557 576 52 52 22 20 0 frame13
1833 147 58 58 19 18 0 frame14
1273 816 42 37 22 26 0 frame15
1149 1080 59 45 10 23 0 frame16
1864 268 53 57 22 18 0 frame17
1792 390 53 57 22 18 0 frame18
1847 390 53 57 22 18 0 frame19
1676 392 53 57 22 18 0 frame20
1617 403 53 57 22 18 0 frame21
1557 406 53 57 22 18 0 frame22
1833 207 57 59 20 17 0 frame23
1687 148 57 59 20 17 0 frame24
1687 209 57 59 20 17 0 frame25
1617 220 57 59 20 17 0 frame26
1746 209 57 59 20 17 0 frame27
1805 268 57 59 20 17 0 frame28
