1
texture0.tex
128 64
24
0 0 128 64 0 0 0 frame0
0 64 128 64 0 0 0 frame1
128 0 128 64 0 0 0 frame2
128 64 128 64 0 0 0 frame3
256 0 128 64 0 0 0 frame4
256 64 128 64 0 0 0 frame5
384 0 128 64 0 0 0 frame6
384 64 128 64 0 0 0 frame7
512 0 128 64 0 0 0 frame8
512 64 128 64 0 0 0 frame9
640 0 128 64 0 0 0 frame10
640 64 128 64 0 0 0 frame11
768 0 128 64 0 0 0 frame12
768 64 128 64 0 0 0 frame13
896 0 128 64 0 0 0 frame14
896 64 128 64 0 0 0 frame15
1024 0 128 64 0 0 0 frame16
1024 64 128 64 0 0 0 frame17
1152 0 128 64 0 0 0 frame18
1152 64 128 64 0 0 0 frame19
1280 0 128 64 0 0 0 frame20
1280 64 128 64 0 0 0 frame21
1408 0 128 64 0 0 0 frame22
1408 64 128 64 0 0 0 frame23
