1
texture0.tex
1000 160
22
0 0 1000 160 0 0 0 frame0
1002 0 1000 160 0 0 0 frame1
0 162 1000 160 0 0 0 frame2
1002 162 1000 160 0 0 0 frame3
0 324 1000 160 0 0 0 frame4
1002 324 1000 160 0 0 0 frame5
0 486 1000 160 0 0 0 frame6
1002 486 1000 160 0 0 0 frame7
0 648 1000 160 0 0 0 frame8
1002 648 1000 160 0 0 0 frame9
0 810 1000 160 0 0 0 frame10
1002 810 1000 160 0 0 0 frame11
0 972 1000 160 0 0 0 frame12
1002 972 1000 160 0 0 0 frame13
0 1134 1000 160 0 0 0 frame14
1002 1134 1000 160 0 0 0 frame15
0 1296 1000 160 0 0 0 frame16
1002 1296 1000 160 0 0 0 frame17
0 1458 1000 160 0 0 0 frame18
1002 1458 1000 160 0 0 0 frame19
0 1620 1000 160 0 0 0 frame20
1002 1620 1000 160 0 0 0 frame21
