1
texture0.tex
128 64
24
1170 780 128 64 0 0 0 frame0
1170 846 128 64 0 0 0 frame1
0 910 128 64 0 0 0 frame2
130 910 128 64 0 0 0 frame3
260 910 128 64 0 0 0 frame4
390 910 128 64 0 0 0 frame5
520 910 128 64 0 0 0 frame6
650 910 128 64 0 0 0 frame7
780 910 128 64 0 0 0 frame8
910 910 128 64 0 0 0 frame9
1040 910 128 64 0 0 0 frame10
1170 912 128 64 0 0 0 frame11
1300 260 128 64 0 0 0 frame12
1430 260 128 64 0 0 0 frame13
1560 260 128 64 0 0 0 frame14
1690 260 128 64 0 0 0 frame15
1820 260 128 64 0 0 0 frame16
1300 326 128 64 0 0 0 frame17
1430 326 128 64 0 0 0 frame18
1560 326 128 64 0 0 0 frame19
1690 326 128 64 0 0 0 frame20
1820 326 128 64 0 0 0 frame21
1300 392 128 64 0 0 0 frame22
1430 392 128 64 0 0 0 frame23
