1
texture0.tex
64 64
21
1950 0 64 64 0 0 0 frame0
1950 66 64 64 0 0 0 frame1
1950 132 64 64 0 0 0 frame2
1950 198 64 64 0 0 0 frame3
1950 264 64 64 0 0 0 frame4
1950 330 64 64 0 0 0 frame5
1560 392 64 64 0 0 0 frame6
1626 392 64 64 0 0 0 frame7
1692 392 64 64 0 0 0 frame8
1758 392 64 64 0 0 0 frame9
1824 392 64 64 0 0 0 frame10
1890 396 64 64 0 0 0 frame11
1956 396 64 64 0 0 0 frame12
1300 458 64 64 0 0 0 frame13
1366 458 64 64 0 0 0 frame14
1432 458 64 64 0 0 0 frame15
1498 458 64 64 0 0 0 frame16
1564 458 64 64 0 0 0 frame17
1630 458 64 64 0 0 0 frame18
1696 458 64 64 0 0 0 frame19
1762 458 64 64 0 0 0 frame20
