1
texture0.tex
128 128
29
1306 752 128 128 0 0 0 frame0
1210 1075 128 128 0 0 0 frame1
1210 1204 128 128 0 0 0 frame2
902 1314 128 128 0 0 0 frame3
515 1413 128 128 0 0 0 frame4
0 1485 128 128 0 0 0 frame5
129 1440 128 128 0 0 0 frame6
258 1440 128 128 0 0 0 frame7
644 1413 128 128 0 0 0 frame8
773 1337 128 128 0 0 0 frame9
1031 1314 128 128 0 0 0 frame10
1160 1333 128 128 0 0 0 frame11
902 1443 128 128 0 0 0 frame12
387 1542 128 128 0 0 0 frame13
0 1614 128 128 0 0 0 frame14
129 1569 128 128 0 0 0 frame15
258 1569 128 128 0 0 0 frame16
516 1542 128 128 0 0 0 frame17
645 1542 128 128 0 0 0 frame18
1031 1443 128 128 0 0 0 frame19
1289 1333 128 128 0 0 0 frame20
1339 881 128 128 0 0 0 frame21
1435 623 128 128 0 0 0 frame22
1487 372 128 128 0 0 0 frame23
1611 114 128 128 0 0 0 frame24
1595 243 128 128 0 0 0 frame25
1435 752 128 128 0 0 0 frame26
1339 1010 128 128 0 0 0 frame27
1339 1139 128 128 0 0 0 frame28
