1
texture0.tex
128 64
24
387 1929 128 64 0 0 0 frame0
129 1956 128 64 0 0 0 frame1
258 1956 128 64 0 0 0 frame2
516 1929 128 64 0 0 0 frame3
645 1929 128 64 0 0 0 frame4
1290 1784 128 64 0 0 0 frame5
1419 1784 128 64 0 0 0 frame6
1548 1784 128 64 0 0 0 frame7
1677 1791 128 64 0 0 0 frame8
1805 1146 128 64 0 0 0 frame9
1805 1211 128 64 0 0 0 frame10
1805 1276 128 64 0 0 0 frame11
1805 1341 128 64 0 0 0 frame12
1805 1406 128 64 0 0 0 frame13
1855 759 128 64 0 0 0 frame14
1855 824 128 64 0 0 0 frame15
1855 889 128 64 0 0 0 frame16
1855 954 128 64 0 0 0 frame17
1855 1019 128 64 0 0 0 frame18
1806 1471 128 64 0 0 0 frame19
1806 1536 128 64 0 0 0 frame20
1806 1601 128 64 0 0 0 frame21
1806 1666 128 64 0 0 0 frame22
1806 1731 128 64 0 0 0 frame23
