1
texture0.tex
64 64
40
1713 292 33 44 16 12 0 frame0
1667 442 33 43 16 13 0 frame1
1858 517 40 29 12 19 0 frame2
1560 446 36 30 14 18 0 frame3
1858 486 42 29 10 19 0 frame4
1560 478 29 30 18 18 0 frame5
1448 467 35 27 16 19 0 frame6
1684 490 32 33 16 17 0 frame7
1657 276 20 14 23 25 0 frame8
1749 330 20 14 23 27 0 frame9
1700 600 22 22 22 23 0 frame10
1769 583 22 23 22 22 0 frame11
1574 556 31 22 17 22 0 frame12
1644 608 21 22 22 23 0 frame13
1961 392 42 37 12 14 0 frame14
2005 430 39 38 12 14 0 frame15
1759 435 38 37 12 14 0 frame16
1779 361 45 37 12 14 0 frame17
2005 392 42 36 12 14 0 frame18
1949 475 35 36 15 15 0 frame19
1821 481 35 36 15 15 0 frame20
1986 506 35 36 15 15 0 frame21
1912 447 35 37 15 15 0 frame22
1992 470 43 34 9 17 0 frame23
1912 409 41 36 11 16 0 frame24
1961 362 56 28 4 18 0 frame25
1719 411 38 38 13 14 0 frame26
1799 436 36 38 14 16 0 frame27
1702 451 37 37 13 15 0 frame28
1771 330 37 7 13 30 0 frame29
1940 578 35 32 15 17 0 frame30
1826 395 42 39 11 14 0 frame31
1530 387 43 39 11 14 0 frame32
1936 513 36 32 15 17 0 frame33
1974 544 36 32 15 17 0 frame34
1485 467 40 23 12 21 0 frame35
1816 601 13 20 26 24 0 frame36
1788 620 13 20 26 24 0 frame37
1647 70 28 39 19 14 0 frame38
2027 160 21 24 21 21 0 frame39
