1
texture0.tex
38 32
20
2027 186 17 29 0 2 0 frame0
1772 552 22 29 0 2 0 frame1
1743 547 27 29 0 2 0 frame2
1637 446 28 29 0 2 0 frame3
2023 506 23 29 0 2 0 frame4
1652 515 28 29 1 2 0 frame5
1847 548 33 29 1 2 0 frame6
1598 446 37 29 1 2 0 frame7
1684 525 28 29 0 2 0 frame8
1487 553 23 29 0 2 0 frame9
1930 198 9 21 5 6 0 frame10
1468 496 14 21 4 6 0 frame11
1894 581 19 21 5 6 0 frame12
1667 608 21 21 4 6 0 frame13
1936 612 17 21 3 6 0 frame14
1690 624 21 21 4 6 0 frame15
2020 136 26 21 4 6 0 frame16
1512 562 31 21 4 6 0 frame17
1667 631 21 21 4 6 0 frame18
1955 612 17 21 4 6 0 frame19
