1
texture0.tex
94 94
29
1620 1212 72 72 14 10 0 frame0
1693 1286 52 52 23 20 0 frame1
1688 1509 54 53 22 20 0 frame2
1694 1195 52 52 23 20 0 frame3
1260 1660 58 58 20 17 0 frame4
1747 1249 52 52 23 20 0 frame5
1748 1195 52 52 23 20 0 frame6
1692 1385 53 55 22 21 0 frame7
1322 1593 55 57 22 20 0 frame8
1534 785 80 80 8 6 0 frame9
1756 1094 52 52 22 20 0 frame10
1519 1534 57 57 20 18 0 frame11
1802 1195 51 51 22 20 0 frame12
1760 1016 52 52 22 20 0 frame13
1262 1593 58 58 19 18 0 frame14
949 344 42 37 22 26 0 frame15
1801 1249 59 45 10 23 0 frame16
1452 1961 53 57 22 18 0 frame17
1507 1961 53 57 22 18 0 frame18
1511 1778 53 57 22 18 0 frame19
1512 1654 53 57 22 18 0 frame20
1556 1593 53 57 22 18 0 frame21
1578 1534 53 57 22 18 0 frame22
1320 1653 57 59 20 17 0 frame23
1335 1714 57 59 20 17 0 frame24
1379 1593 57 59 20 17 0 frame25
1394 1654 57 59 20 17 0 frame26
1438 1593 57 59 20 17 0 frame27
1394 1715 57 59 20 17 0 frame28
