1
texture0.tex
94 94
29
1682 1121 72 72 14 10 0 frame0
1867 1124 49 52 25 21 0 frame1
1817 1124 48 54 22 20 0 frame2
1700 1442 51 54 24 20 0 frame3
1393 1828 57 59 21 17 0 frame4
1747 1356 51 53 24 20 0 frame5
1566 1831 51 53 22 20 0 frame6
1512 1713 53 57 22 19 0 frame7
1511 1837 53 57 22 19 0 frame8
1528 1153 80 80 8 6 0 frame9
1566 1886 51 53 22 20 0 frame10
1393 1889 57 59 20 16 0 frame11
1810 1070 50 52 22 21 0 frame12
1617 1941 51 53 22 20 0 frame13
1393 1950 57 59 20 18 0 frame14
2002 476 46 53 28 21 0 frame15
1756 1148 59 45 14 25 0 frame16
1511 1896 53 57 22 19 0 frame17
1562 1955 53 57 22 19 0 frame18
1566 1772 53 57 22 19 0 frame19
1567 1654 53 57 22 19 0 frame20
1611 1593 53 57 22 19 0 frame21
1633 1534 53 57 22 19 0 frame22
1452 1778 57 59 20 18 0 frame23
1453 1654 57 59 20 18 0 frame24
1497 1593 57 59 20 18 0 frame25
1453 1715 57 59 20 18 0 frame26
1452 1839 57 59 20 18 0 frame27
1452 1900 57 59 20 18 0 frame28
