1
texture0.tex
64 64
17
854 221 40 32 12 16 0 frame0
478 121 36 29 14 18 0 frame1
609 212 46 44 9 10 0 frame2
448 32 30 41 17 13 0 frame3
896 221 40 30 12 17 0 frame4
312 130 42 36 11 14 0 frame5
411 79 32 46 16 9 0 frame6
366 72 42 43 11 11 0 frame7
366 117 43 40 11 12 0 frame8
350 32 48 38 8 13 0 frame9
446 121 30 40 17 12 0 frame10
318 82 46 46 8 9 0 frame11
270 130 40 40 12 12 0 frame12
946 212 64 44 0 11 0 frame13
254 32 46 48 9 9 0 frame14
802 218 50 38 7 14 0 frame15
673 148 55 59 4 3 0 frame16
