2
texture0.tex
texture1.tex
128 128
40
1053 1880 64 86 32 24 0 frame0
1119 1893 64 86 32 24 0 frame1
1784 1680 80 58 24 37 0 frame2
1404 1878 73 60 26 36 0 frame3
1953 1591 84 58 20 37 0 frame4
1824 1877 60 60 34 36 0 frame5
1642 1864 72 54 30 37 0 frame6
1784 1806 64 64 32 34 0 frame7
1066 1279 40 29 44 50 0 frame8
1064 1717 40 29 44 53 0 frame9
620 514 47 47 41 42 0 frame10
673 6 46 46 41 43 1 frame11
1650 1999 65 45 31 44 0 frame12
1839 2001 43 43 43 46 0 frame13
1958 980 86 74 21 28 0 frame14
1950 382 80 75 21 28 0 frame15
1249 1818 78 74 21 28 0 frame16
1953 1436 91 74 21 28 0 frame17
1950 68 87 72 21 28 0 frame18
949 1894 72 72 28 30 0 frame19
1185 1894 72 72 28 30 0 frame20
617 1934 72 72 28 30 0 frame21
1329 1875 73 73 27 29 0 frame22
1154 1824 86 67 18 33 0 frame23
1166 1750 81 72 23 30 0 frame24
1392 1738 111 55 9 38 0 frame25
1950 302 78 78 25 27 0 frame26
1025 1968 72 76 28 32 0 frame27
949 1968 74 74 27 29 0 frame28
518 2017 74 14 27 59 0 frame29
1708 1680 74 63 27 33 0 frame30
1958 818 84 78 21 28 0 frame31
1953 1512 86 77 21 28 0 frame32
1185 1968 72 64 29 34 0 frame33
1708 1745 72 63 29 35 0 frame34
1302 1493 81 46 23 43 0 frame35
1504 0 29 40 50 46 1 frame36
1535 0 29 40 49 46 1 frame37
1054 1311 58 77 35 28 0 frame38
721 6 42 48 43 41 1 frame39
