2
texture0.tex
texture1.tex
76 64
20
438 0 34 57 0 4 1 frame0
1268 109 44 57 0 4 1 frame1
1155 61 54 57 0 4 1 frame2
1986 183 56 57 0 4 1 frame3
2002 0 46 57 0 4 1 frame4
1043 142 56 57 1 4 1 frame5
1934 0 66 57 1 4 1 frame6
406 1969 75 57 1 4 0 frame7
1097 66 56 57 0 4 1 frame8
476 78 46 57 0 4 1 frame9
1896 1973 20 43 9 11 0 frame10
483 1969 30 43 7 11 0 frame11
1222 209 40 43 9 11 1 frame12
1051 209 42 43 7 11 1 frame13
1618 209 33 43 6 11 1 frame14
1095 209 42 43 8 11 1 frame15
862 2005 52 43 8 11 0 frame16
678 2005 62 43 8 11 0 frame17
1006 209 43 43 7 11 1 frame18
1427 209 34 43 8 11 1 frame19
