1
texture0.tex
47 47
29
1465 345 36 36 7 5 0 frame0
1668 391 27 26 11 10 0 frame1
1739 390 27 27 11 10 0 frame2
1697 414 27 26 11 10 0 frame3
1465 414 29 30 10 8 0 frame4
1628 405 27 26 11 10 0 frame5
1597 413 27 26 11 10 0 frame6
1324 422 27 28 11 10 0 frame7
1294 342 28 29 11 10 0 frame8
1526 302 40 40 4 3 0 frame9
1525 464 26 26 11 10 0 frame10
1565 403 29 29 10 9 0 frame11
1496 476 26 26 10 10 0 frame12
1959 365 26 26 11 10 0 frame13
1916 272 30 29 9 9 0 frame14
1707 469 21 19 11 12 0 frame15
1593 441 30 23 7 12 0 frame16
1496 416 27 29 11 9 0 frame17
1779 329 27 29 11 9 0 frame18
1808 329 27 29 11 9 0 frame19
1979 272 27 29 11 9 0 frame20
2008 272 27 29 11 9 0 frame21
1979 303 27 29 11 9 0 frame22
1847 284 29 30 10 9 0 frame23
1878 284 29 30 10 9 0 frame24
1777 297 29 30 10 9 0 frame25
1808 297 29 30 10 9 0 frame26
1717 321 29 30 10 9 0 frame27
1948 272 29 30 10 9 0 frame28
