1
texture0.tex
128 128
32
258 605 128 128 0 0 0 frame0
260 735 128 128 0 0 0 frame1
388 605 128 128 0 0 0 frame2
260 865 128 128 0 0 0 frame3
390 735 128 128 0 0 0 frame4
390 865 128 128 0 0 0 frame5
354 0 128 128 0 0 0 frame6
354 130 128 128 0 0 0 frame7
484 0 128 128 0 0 0 frame8
484 130 128 128 0 0 0 frame9
516 260 128 128 0 0 0 frame10
516 390 128 128 0 0 0 frame11
518 520 128 128 0 0 0 frame12
614 0 128 128 0 0 0 frame13
614 130 128 128 0 0 0 frame14
646 260 128 128 0 0 0 frame15
646 390 128 128 0 0 0 frame16
744 0 128 128 0 0 0 frame17
744 130 128 128 0 0 0 frame18
520 650 128 128 0 0 0 frame19
648 520 128 128 0 0 0 frame20
776 260 128 128 0 0 0 frame21
776 390 128 128 0 0 0 frame22
874 0 128 128 0 0 0 frame23
874 130 128 128 0 0 0 frame24
520 780 128 128 0 0 0 frame25
650 650 128 128 0 0 0 frame26
778 520 128 128 0 0 0 frame27
906 260 128 128 0 0 0 frame28
906 390 128 128 0 0 0 frame29
1004 0 128 128 0 0 0 frame30
1004 130 128 128 0 0 0 frame31
