1
texture0.tex
596 396
21
0 991 455 312 20 84 0 frame0
847 1311 376 326 104 70 0 frame1
430 1610 382 317 101 79 0 frame2
1317 1015 392 319 96 77 0 frame3
0 1618 398 286 93 74 0 frame4
0 693 407 291 89 71 0 frame5
430 1311 415 297 85 68 0 frame6
895 1005 420 304 82 65 0 frame7
0 1305 428 311 79 61 0 frame8
457 991 436 318 74 58 0 frame9
1037 0 517 337 20 59 0 frame10
0 350 440 341 104 55 0 frame11
912 676 446 327 101 52 0 frame12
1536 346 462 348 96 48 0 frame13
442 669 468 320 93 46 0 frame14
518 344 469 323 90 44 0 frame15
1556 0 486 344 84 39 0 frame16
1037 339 497 335 82 34 0 frame17
518 0 517 342 79 30 0 frame18
0 0 516 348 74 31 0 frame19
1360 696 452 317 72 43 0 frame20
