1
texture0.tex
128 128
29
390 130 128 128 0 0 0 frame0
390 260 128 128 0 0 0 frame1
390 390 128 128 0 0 0 frame2
390 520 128 128 0 0 0 frame3
390 650 128 128 0 0 0 frame4
390 780 128 128 0 0 0 frame5
520 0 128 128 0 0 0 frame6
520 130 128 128 0 0 0 frame7
520 260 128 128 0 0 0 frame8
520 390 128 128 0 0 0 frame9
520 520 128 128 0 0 0 frame10
520 650 128 128 0 0 0 frame11
520 780 128 128 0 0 0 frame12
650 0 128 128 0 0 0 frame13
650 130 128 128 0 0 0 frame14
650 260 128 128 0 0 0 frame15
650 390 128 128 0 0 0 frame16
650 520 128 128 0 0 0 frame17
650 650 128 128 0 0 0 frame18
650 780 128 128 0 0 0 frame19
780 0 128 128 0 0 0 frame20
780 130 128 128 0 0 0 frame21
780 260 128 128 0 0 0 frame22
780 390 128 128 0 0 0 frame23
780 520 128 128 0 0 0 frame24
780 650 128 128 0 0 0 frame25
780 780 128 128 0 0 0 frame26
910 0 128 128 0 0 0 frame27
910 130 128 128 0 0 0 frame28
