1
texture0.tex
128 128
23
910 390 128 128 0 0 0 frame0
910 520 128 128 0 0 0 frame1
910 650 128 128 0 0 0 frame2
910 780 128 128 0 0 0 frame3
1040 0 128 128 0 0 0 frame4
1170 0 128 128 0 0 0 frame5
1300 0 128 128 0 0 0 frame6
1430 0 128 128 0 0 0 frame7
1560 0 128 128 0 0 0 frame8
1690 0 128 128 0 0 0 frame9
1820 0 128 128 0 0 0 frame10
1040 130 128 128 0 0 0 frame11
1040 260 128 128 0 0 0 frame12
1040 390 128 128 0 0 0 frame13
1040 520 128 128 0 0 0 frame14
1040 650 128 128 0 0 0 frame15
1040 780 128 128 0 0 0 frame16
1170 130 128 128 0 0 0 frame17
1300 130 128 128 0 0 0 frame18
1430 130 128 128 0 0 0 frame19
1560 130 128 128 0 0 0 frame20
1690 130 128 128 0 0 0 frame21
1820 130 128 128 0 0 0 frame22
