1
texture0.tex
128 128
22
1208 365 128 128 0 0 0 frame0
1048 688 128 128 0 0 0 frame1
952 1056 128 128 0 0 0 frame2
1081 1056 128 128 0 0 0 frame3
1177 688 128 128 0 0 0 frame4
1229 494 128 128 0 0 0 frame5
1337 236 128 128 0 0 0 frame6
1337 365 128 128 0 0 0 frame7
1133 817 128 128 0 0 0 frame8
952 1185 128 128 0 0 0 frame9
257 1311 128 128 0 0 0 frame10
0 1356 128 128 0 0 0 frame11
386 1311 128 128 0 0 0 frame12
515 1284 128 128 0 0 0 frame13
644 1284 128 128 0 0 0 frame14
773 1208 128 128 0 0 0 frame15
1081 1185 128 128 0 0 0 frame16
1210 946 128 128 0 0 0 frame17
1306 623 128 128 0 0 0 frame18
1358 494 128 128 0 0 0 frame19
1482 114 128 128 0 0 0 frame20
1466 243 128 128 0 0 0 frame21
