1
texture0.tex
128 128
32
1418 1268 128 128 0 0 0 frame0
1468 881 128 128 0 0 0 frame1
1564 501 128 128 0 0 0 frame2
1616 372 128 128 0 0 0 frame3
1724 243 128 128 0 0 0 frame4
1740 0 128 128 0 0 0 frame5
1564 630 128 128 0 0 0 frame6
1468 1010 128 128 0 0 0 frame7
1468 1139 128 128 0 0 0 frame8
1418 1397 128 128 0 0 0 frame9
1160 1462 128 128 0 0 0 frame10
774 1572 128 128 0 0 0 frame11
387 1671 128 128 0 0 0 frame12
129 1698 128 128 0 0 0 frame13
0 1743 128 128 0 0 0 frame14
258 1698 128 128 0 0 0 frame15
516 1671 128 128 0 0 0 frame16
645 1671 128 128 0 0 0 frame17
903 1572 128 128 0 0 0 frame18
1289 1462 128 128 0 0 0 frame19
1418 1526 128 128 0 0 0 frame20
1032 1591 128 128 0 0 0 frame21
774 1701 128 128 0 0 0 frame22
903 1701 128 128 0 0 0 frame23
387 1800 128 128 0 0 0 frame24
129 1827 128 128 0 0 0 frame25
0 1872 128 128 0 0 0 frame26
258 1827 128 128 0 0 0 frame27
516 1800 128 128 0 0 0 frame28
645 1800 128 128 0 0 0 frame29
1161 1591 128 128 0 0 0 frame30
1290 1655 128 128 0 0 0 frame31
