1
texture0.tex
128 128
23
1032 1720 128 128 0 0 0 frame0
774 1830 128 128 0 0 0 frame1
903 1830 128 128 0 0 0 frame2
1161 1720 128 128 0 0 0 frame3
1419 1655 128 128 0 0 0 frame4
1547 1268 128 128 0 0 0 frame5
1547 1397 128 128 0 0 0 frame6
1547 1526 128 128 0 0 0 frame7
1548 1655 128 128 0 0 0 frame8
1597 759 128 128 0 0 0 frame9
1693 501 128 128 0 0 0 frame10
1745 372 128 128 0 0 0 frame11
1853 129 128 128 0 0 0 frame12
1869 0 128 128 0 0 0 frame13
1693 630 128 128 0 0 0 frame14
1597 888 128 128 0 0 0 frame15
1597 1017 128 128 0 0 0 frame16
1676 1146 128 128 0 0 0 frame17
1676 1275 128 128 0 0 0 frame18
1676 1404 128 128 0 0 0 frame19
1726 759 128 128 0 0 0 frame20
1822 501 128 128 0 0 0 frame21
1822 630 128 128 0 0 0 frame22
