1
texture0.tex
64 64
21
1552 1849 64 64 0 0 0 frame0
1617 1856 64 64 0 0 0 frame1
1682 1856 64 64 0 0 0 frame2
1747 1861 64 64 0 0 0 frame3
1812 1861 64 64 0 0 0 frame4
1877 1864 64 64 0 0 0 frame5
1942 1864 64 64 0 0 0 frame6
1032 1914 64 64 0 0 0 frame7
774 1959 64 64 0 0 0 frame8
839 1959 64 64 0 0 0 frame9
904 1959 64 64 0 0 0 frame10
1097 1914 64 64 0 0 0 frame11
1162 1914 64 64 0 0 0 frame12
1227 1914 64 64 0 0 0 frame13
1292 1914 64 64 0 0 0 frame14
1357 1914 64 64 0 0 0 frame15
1422 1914 64 64 0 0 0 frame16
1487 1914 64 64 0 0 0 frame17
1552 1914 64 64 0 0 0 frame18
1617 1921 64 64 0 0 0 frame19
1682 1921 64 64 0 0 0 frame20
