1
texture0.tex
38 26
21
538 0 27 17 6 5 0 frame0
655 0 16 19 12 3 0 frame1
417 0 30 17 5 5 0 frame2
588 0 23 18 8 4 0 frame3
507 0 29 16 5 5 0 frame4
449 0 27 18 5 3 0 frame5
478 0 27 18 6 4 0 frame6
334 0 30 19 4 4 0 frame7
567 0 19 23 10 1 0 frame8
106 0 33 20 4 3 0 frame9
366 0 26 21 6 3 0 frame10
301 0 31 19 4 4 0 frame11
173 0 31 21 3 2 0 frame12
269 0 30 20 4 3 0 frame13
206 0 31 21 4 3 0 frame14
394 0 21 25 9 0 0 frame15
35 0 34 21 3 3 0 frame16
239 0 28 23 5 2 0 frame17
71 0 33 21 3 3 0 frame18
0 0 33 23 2 1 0 frame19
141 0 30 22 4 2 0 frame20
