1
texture0.tex
53 53
16
1885 112 20 26 17 14 0 frame0
1659 246 11 17 22 19 0 frame1
1853 285 20 27 17 13 0 frame2
1534 0 10 17 22 18 0 frame3
1870 474 21 27 17 13 0 frame4
1905 387 12 17 22 18 0 frame5
1893 474 21 27 16 13 0 frame6
1621 493 11 18 21 18 0 frame7
1852 317 21 27 17 13 0 frame8
1921 438 11 17 22 18 0 frame9
1829 396 22 27 16 13 0 frame10
1903 368 14 17 20 18 0 frame11
1498 463 43 46 5 5 0 frame12
1676 284 35 36 9 10 0 frame13
1513 183 47 47 3 3 0 frame14
1586 413 39 39 7 7 0 frame15
