1
texture0.tex
17 12
20
1910 155 4 10 6 1 0 frame0
1910 167 4 10 6 1 0 frame1
1888 379 7 10 5 1 0 frame2
1785 442 7 10 5 1 0 frame3
1916 100 10 10 4 1 0 frame4
1916 112 10 10 4 1 0 frame5
1452 439 11 10 3 1 0 frame6
1746 478 11 10 3 1 0 frame7
1977 393 8 10 4 1 0 frame8
1977 405 8 10 4 1 0 frame9
1957 480 12 10 3 1 0 frame10
1958 492 12 10 3 1 0 frame11
1916 260 15 10 1 1 0 frame12
1204 414 15 10 1 1 0 frame13
1777 282 17 10 0 1 0 frame14
1433 439 17 10 0 1 0 frame15
1221 414 12 10 1 1 0 frame16
1972 502 12 10 1 1 0 frame17
1657 405 9 10 4 1 0 frame18
1668 373 9 10 4 1 0 frame19
