1
texture0.tex
47 47
29
1415 369 36 36 7 5 0 frame0
1897 366 25 27 12 10 0 frame1
1836 379 24 27 11 10 0 frame2
1565 434 26 27 12 10 0 frame3
1909 303 29 30 10 8 0 frame4
1525 435 26 27 12 10 0 frame5
1496 447 26 27 11 10 0 frame6
1940 304 27 29 11 9 0 frame7
2008 303 27 29 11 9 0 frame8
1468 303 40 40 4 3 0 frame9
1657 419 26 27 11 10 0 frame10
1839 316 29 30 10 8 0 frame11
1924 366 25 27 11 10 0 frame12
1628 433 26 27 11 10 0 frame13
1870 316 29 30 10 9 0 frame14
2025 165 23 27 14 10 0 frame15
1553 463 30 23 7 12 0 frame16
1969 334 27 29 11 9 0 frame17
1998 334 27 29 11 9 0 frame18
1901 335 27 29 11 9 0 frame19
1930 335 27 29 11 9 0 frame20
1839 348 27 29 11 9 0 frame21
1868 348 27 29 11 9 0 frame22
1748 329 29 30 10 9 0 frame23
1717 353 29 30 10 9 0 frame24
1679 359 29 30 10 9 0 frame25
1637 373 29 30 10 9 0 frame26
1597 381 29 30 10 9 0 frame27
1534 403 29 30 10 9 0 frame28
