1
texture0.tex
47 47
29
1666 344 36 36 7 5 0 frame0
1829 112 27 26 11 10 0 frame1
1810 83 27 27 11 10 0 frame2
1839 83 27 26 11 10 0 frame3
1738 161 29 30 10 8 0 frame4
1829 140 27 26 11 10 0 frame5
1800 399 27 26 11 10 0 frame6
1806 225 27 28 11 10 0 frame7
1740 480 28 29 11 10 0 frame8
1696 130 40 40 4 3 0 frame9
1824 354 26 26 11 10 0 frame10
1740 449 29 29 10 9 0 frame11
1835 203 26 26 10 10 0 frame12
1847 168 26 26 11 10 0 frame13
1704 322 30 29 9 9 0 frame14
1900 242 21 19 11 12 0 frame15
1595 344 30 23 7 12 0 frame16
1770 480 27 29 11 9 0 frame17
1766 337 27 29 11 9 0 frame18
1767 305 27 29 11 9 0 frame19
1775 263 27 29 11 9 0 frame20
1777 225 27 29 11 9 0 frame21
1789 193 27 29 11 9 0 frame22
1713 273 29 30 10 9 0 frame23
1704 353 29 30 10 9 0 frame24
1704 385 29 30 10 9 0 frame25
1709 417 29 30 10 9 0 frame26
1735 353 29 30 10 9 0 frame27
1735 385 29 30 10 9 0 frame28
