1
texture0.tex
128 128
29
1751 531 128 128 0 0 0 frame0
1880 531 128 128 0 0 0 frame1
1622 660 128 128 0 0 0 frame2
1751 660 128 128 0 0 0 frame3
1880 660 128 128 0 0 0 frame4
0 789 128 128 0 0 0 frame5
0 549 128 128 0 0 0 frame6
129 789 128 128 0 0 0 frame7
129 549 128 128 0 0 0 frame8
258 789 128 128 0 0 0 frame9
258 549 128 128 0 0 0 frame10
387 789 128 128 0 0 0 frame11
387 549 128 128 0 0 0 frame12
516 707 128 128 0 0 0 frame13
516 549 128 128 0 0 0 frame14
516 836 128 128 0 0 0 frame15
645 707 128 128 0 0 0 frame16
645 549 128 128 0 0 0 frame17
645 836 128 128 0 0 0 frame18
774 707 128 128 0 0 0 frame19
774 549 128 128 0 0 0 frame20
903 707 128 128 0 0 0 frame21
903 549 128 128 0 0 0 frame22
1032 707 128 128 0 0 0 frame23
1032 549 128 128 0 0 0 frame24
1161 549 128 128 0 0 0 frame25
1290 549 128 128 0 0 0 frame26
1161 678 128 128 0 0 0 frame27
1290 678 128 128 0 0 0 frame28
