1
texture0.tex
64 64
21
1290 807 64 64 0 0 0 frame0
1931 257 64 64 0 0 0 frame1
1963 0 64 64 0 0 0 frame2
1963 65 64 64 0 0 0 frame3
1963 130 64 64 0 0 0 frame4
1931 322 64 64 0 0 0 frame5
1931 387 64 64 0 0 0 frame6
1931 452 64 64 0 0 0 frame7
1355 836 64 64 0 0 0 frame8
1290 872 64 64 0 0 0 frame9
1420 836 64 64 0 0 0 frame10
774 936 64 64 0 0 0 frame11
774 836 64 64 0 0 0 frame12
839 936 64 64 0 0 0 frame13
839 836 64 64 0 0 0 frame14
904 936 64 64 0 0 0 frame15
904 836 64 64 0 0 0 frame16
969 936 64 64 0 0 0 frame17
969 836 64 64 0 0 0 frame18
1034 936 64 64 0 0 0 frame19
1034 836 64 64 0 0 0 frame20
