1
texture0.tex
76 52
21
1072 0 53 32 12 11 0 frame0
1370 0 31 38 24 6 0 frame1
797 0 59 33 11 10 0 frame2
1166 0 45 35 16 9 0 frame3
1014 0 56 31 11 11 0 frame4
858 0 54 35 10 7 0 frame5
959 0 53 34 12 9 0 frame6
640 0 59 38 9 8 0 frame7
1127 0 37 44 21 3 0 frame8
329 0 65 39 8 7 0 frame9
701 0 51 41 13 6 0 frame10
576 0 62 37 8 8 0 frame11
453 0 60 41 7 4 0 frame12
515 0 59 40 9 6 0 frame13
203 0 62 42 8 6 0 frame14
754 0 41 48 19 1 0 frame15
66 0 68 42 6 6 0 frame16
396 0 55 45 11 4 0 frame17
136 0 65 41 6 6 0 frame18
0 0 64 45 5 2 0 frame19
267 0 60 43 8 4 0 frame20
