1
texture0.tex
180 180
16
1522 452 18 48 84 71 0 frame0
1151 203 31 48 77 71 0 frame1
1139 112 43 48 71 71 0 frame2
1552 332 47 48 68 71 0 frame3
973 62 35 48 75 71 0 frame4
1139 62 46 48 69 71 0 frame5
1089 190 60 48 62 71 0 frame6
1084 276 72 48 56 71 0 frame7
1552 282 49 48 67 71 0 frame8
1095 62 37 48 73 71 0 frame9
1990 177 56 70 63 59 0 frame10
945 138 64 80 59 55 0 frame11
871 146 72 90 55 49 0 frame12
1023 276 59 59 63 66 0 frame13
715 234 70 98 57 45 0 frame14
1151 162 45 39 44 68 0 frame15
