1
texture0.tex
128 128
17
765 250 82 66 23 31 0 frame0
1446 452 74 60 27 34 0 frame1
421 159 94 90 17 19 0 frame2
622 62 56 78 36 28 0 frame3
901 62 82 62 23 33 0 frame4
771 62 86 74 21 27 0 frame5
765 154 66 94 31 17 0 frame6
521 253 86 86 21 21 0 frame7
607 142 88 82 20 23 0 frame8
421 253 98 78 15 25 0 frame9
901 126 62 82 33 23 0 frame10
421 62 95 95 15 16 0 frame11
681 226 82 82 23 23 0 frame12
1880 402 126 86 1 19 0 frame13
517 159 88 92 20 20 0 frame14
518 62 102 78 13 27 0 frame15
1950 0 97 104 15 12 0 frame16
