1
texture0.tex
128 128
22
0 0 128 128 0 0 0 frame0
0 130 128 128 0 0 0 frame1
0 260 128 128 0 0 0 frame2
0 390 128 128 0 0 0 frame3
0 520 128 128 0 0 0 frame4
0 650 128 128 0 0 0 frame5
0 780 128 128 0 0 0 frame6
130 0 128 128 0 0 0 frame7
130 130 128 128 0 0 0 frame8
130 260 128 128 0 0 0 frame9
130 390 128 128 0 0 0 frame10
130 520 128 128 0 0 0 frame11
130 650 128 128 0 0 0 frame12
130 780 128 128 0 0 0 frame13
260 0 128 128 0 0 0 frame14
260 130 128 128 0 0 0 frame15
260 260 128 128 0 0 0 frame16
260 390 128 128 0 0 0 frame17
260 520 128 128 0 0 0 frame18
260 650 128 128 0 0 0 frame19
260 780 128 128 0 0 0 frame20
390 0 128 128 0 0 0 frame21
