2
texture0.tex
texture1.tex
128 128
40
320 145 64 86 32 24 1 frame0
386 145 64 86 32 24 1 frame1
752 143 80 58 24 37 1 frame2
914 0 73 60 26 36 1 frame3
1958 990 84 58 20 37 0 frame4
1934 59 60 60 34 36 1 frame5
834 198 72 54 30 37 1 frame6
840 65 64 64 32 34 1 frame7
1065 1279 40 29 44 50 0 frame8
1808 534 40 29 44 53 0 frame9
908 209 47 47 41 42 1 frame10
1321 51 46 46 41 43 1 frame11
466 514 65 45 31 44 0 frame12
1411 41 43 43 43 46 1 frame13
1808 298 86 74 21 28 0 frame14
0 80 80 75 21 28 1 frame15
320 69 78 74 21 28 1 frame16
1942 0 91 74 21 28 0 frame17
1896 366 87 72 21 28 0 frame18
550 0 72 72 28 30 1 frame19
528 153 72 72 28 30 1 frame20
602 153 72 72 28 30 1 frame21
528 78 73 73 27 29 1 frame22
350 0 86 67 18 33 1 frame23
0 157 81 72 23 30 1 frame24
1890 440 111 55 9 38 0 frame25
0 0 78 78 25 27 1 frame26
476 0 72 76 28 32 1 frame27
452 145 74 74 27 29 1 frame28
1953 1632 74 14 27 59 0 frame29
679 78 74 63 27 33 1 frame30
1808 202 84 78 21 28 0 frame31
1958 818 86 77 21 28 0 frame32
766 0 72 64 29 34 1 frame33
840 0 72 63 29 35 1 frame34
1302 1493 81 46 23 43 0 frame35
1567 1234 29 40 50 46 0 frame36
1567 1276 29 40 49 46 0 frame37
1054 1312 58 77 35 28 0 frame38
1357 99 42 48 43 41 1 frame39
