1
texture0.tex
64 64
21
0 0 64 64 0 0 0 frame0
64 0 64 64 0 0 0 frame1
128 0 64 64 0 0 0 frame2
192 0 64 64 0 0 0 frame3
256 0 64 64 0 0 0 frame4
320 0 64 64 0 0 0 frame5
384 0 64 64 0 0 0 frame6
448 0 64 64 0 0 0 frame7
512 0 64 64 0 0 0 frame8
576 0 64 64 0 0 0 frame9
640 0 64 64 0 0 0 frame10
704 0 64 64 0 0 0 frame11
768 0 64 64 0 0 0 frame12
832 0 64 64 0 0 0 frame13
896 0 64 64 0 0 0 frame14
960 0 64 64 0 0 0 frame15
1024 0 64 64 0 0 0 frame16
1088 0 64 64 0 0 0 frame17
1152 0 64 64 0 0 0 frame18
1216 0 64 64 0 0 0 frame19
1280 0 64 64 0 0 0 frame20
