1
texture0.tex
298 198
21
757 176 228 156 10 42 0 frame0
1204 151 188 163 52 35 0 frame1
1394 151 192 159 50 39 0 frame2
990 0 196 160 48 38 0 frame3
1397 312 200 143 46 37 0 frame4
1398 0 204 146 44 35 0 frame5
1188 0 208 149 42 34 0 frame6
1185 334 210 153 41 32 0 frame7
987 176 215 156 39 30 0 frame8
965 334 218 159 37 29 0 frame9
260 0 259 169 10 29 0 frame10
743 341 220 171 52 27 0 frame11
521 0 224 164 50 26 0 frame12
757 0 231 174 48 24 0 frame13
261 346 235 160 46 23 0 frame14
506 341 235 162 45 22 0 frame15
261 171 243 173 42 19 0 frame16
506 171 249 168 41 17 0 frame17
0 177 259 171 39 15 0 frame18
0 0 258 175 37 15 0 frame19
0 350 226 159 36 21 0 frame20
