1
texture0.tex
64 64
32
1950 0 64 64 0 0 0 frame0
1950 66 64 64 0 0 0 frame1
0 910 64 64 0 0 0 frame2
66 910 64 64 0 0 0 frame3
132 910 64 64 0 0 0 frame4
198 910 64 64 0 0 0 frame5
264 910 64 64 0 0 0 frame6
330 910 64 64 0 0 0 frame7
396 910 64 64 0 0 0 frame8
462 910 64 64 0 0 0 frame9
528 910 64 64 0 0 0 frame10
594 910 64 64 0 0 0 frame11
660 910 64 64 0 0 0 frame12
726 910 64 64 0 0 0 frame13
792 910 64 64 0 0 0 frame14
858 910 64 64 0 0 0 frame15
924 910 64 64 0 0 0 frame16
990 910 64 64 0 0 0 frame17
1040 130 64 64 0 0 0 frame18
1040 196 64 64 0 0 0 frame19
1040 262 64 64 0 0 0 frame20
1040 328 64 64 0 0 0 frame21
1040 394 64 64 0 0 0 frame22
1040 460 64 64 0 0 0 frame23
1040 526 64 64 0 0 0 frame24
1040 592 64 64 0 0 0 frame25
1040 658 64 64 0 0 0 frame26
1040 724 64 64 0 0 0 frame27
1040 790 64 64 0 0 0 frame28
1056 856 64 64 0 0 0 frame29
1056 922 64 64 0 0 0 frame30
1106 130 64 64 0 0 0 frame31
